1194.67,1227.00,340.00,685.01,13.67,7.00,7.00,9.43,0,3,0
584.67,394.00,384.00,276.74,7.00,7.00,7.00,0.00,0,3,0
598.00,602.00,347.00,203.33,8.67,7.00,7.00,2.36,0,3,0
894.00,352.00,343.00,772.88,10.33,7.00,7.00,4.71,0,3,0
613.00,645.00,479.00,98.97,9.67,7.00,7.00,3.77,0,3,0
840.00,1047.00,314.00,374.74,13.33,11.00,7.00,6.34,0,3,0
1512.67,1480.00,360.00,954.76,22.33,30.00,30.00,10.84,0,1,2
666.67,561.00,395.00,275.29,8.33,7.00,7.00,1.89,0,3,0
402.00,346.00,329.00,91.48,7.00,7.00,7.00,0.00,0,3,0
422.33,382.00,341.00,87.64,7.00,7.00,7.00,0.00,0,3,0
864.00,820.00,322.00,461.55,14.67,7.00,7.00,10.84,0,2,1
568.00,664.00,319.00,177.60,9.67,7.00,7.00,3.77,0,3,0
502.33,526.00,308.00,149.95,8.33,7.00,7.00,1.89,0,3,0
522.00,588.00,309.00,154.20,8.67,7.00,7.00,2.36,0,3,0
589.00,375.00,331.00,334.24,8.67,7.00,7.00,2.36,0,3,0
591.67,659.00,362.00,166.97,9.67,7.00,7.00,3.77,0,3,0
463.33,393.00,313.00,159.42,7.00,7.00,7.00,0.00,0,3,0
485.67,346.00,337.00,203.92,7.00,7.00,7.00,0.00,0,3,0
1323.67,466.00,354.00,1292.93,13.67,11.00,7.00,6.80,0,3,0
676.00,578.00,320.00,337.86,10.00,11.00,7.00,2.16,0,3,0
907.33,360.00,342.00,786.81,12.00,7.00,7.00,7.07,0,3,0
892.67,690.00,508.00,421.90,14.33,15.00,11.00,2.49,0,3,0
694.33,490.00,329.00,408.14,13.67,7.00,7.00,9.43,0,3,0
527.00,522.00,488.00,34.07,9.67,11.00,11.00,1.89,0,3,0
501.00,552.00,334.00,121.03,8.33,7.00,7.00,1.89,0,3,0
483.00,330.00,326.00,219.21,8.67,7.00,7.00,2.36,0,3,0
530.67,507.00,356.00,153.19,10.33,7.00,7.00,4.71,0,3,0
490.00,517.00,371.00,88.23,8.67,7.00,7.00,2.36,0,3,0
509.00,493.00,336.00,148.22,9.67,7.00,7.00,3.77,0,3,0
536.67,371.00,328.00,265.28,8.67,7.00,7.00,2.36,0,3,0
685.00,569.00,332.00,345.46,13.67,7.00,7.00,9.43,0,3,0
542.00,556.00,499.00,31.02,9.67,11.00,11.00,1.89,0,3,0
467.67,343.00,325.00,189.18,8.67,7.00,7.00,2.36,0,3,0
1233.67,1416.00,424.00,600.65,22.33,30.00,30.00,10.84,0,1,2
733.33,761.00,333.00,316.18,14.00,12.00,7.00,6.68,0,3,0
483.00,461.00,325.00,138.86,8.33,7.00,7.00,1.89,0,3,0
617.67,324.00,307.00,427.38,8.67,7.00,7.00,2.36,0,3,0
852.67,770.00,364.00,436.67,15.33,17.00,7.00,6.24,0,3,0
462.33,480.00,351.00,84.62,8.67,7.00,7.00,2.36,0,3,0
430.67,344.00,332.00,131.14,7.00,7.00,7.00,0.00,0,3,0
406.33,349.00,341.00,86.80,7.00,7.00,7.00,0.00,0,3,0
586.00,682.00,333.00,180.62,10.33,7.00,7.00,4.71,0,3,0
792.67,653.00,573.00,256.18,14.00,15.00,15.00,1.41,0,3,0
700.67,722.00,322.00,300.85,10.00,11.00,7.00,2.16,0,3,0
568.67,509.00,344.00,212.04,11.00,7.00,7.00,5.66,0,3,0
616.33,727.00,347.00,191.45,11.67,11.00,7.00,4.11,0,3,0
407.67,349.00,313.00,109.41,7.00,7.00,7.00,0.00,0,3,0
595.33,466.00,305.00,303.94,12.00,7.00,7.00,7.07,0,3,0
385.00,350.00,338.00,58.19,7.00,7.00,7.00,0.00,0,3,0
685.67,658.00,393.00,251.02,12.00,7.00,7.00,7.07,0,3,0
412.33,328.00,308.00,133.66,7.00,7.00,7.00,0.00,0,3,0
431.67,331.00,317.00,152.37,7.00,7.00,7.00,0.00,0,3,0
540.00,533.00,497.00,38.29,10.00,11.00,7.00,2.16,0,3,0
509.00,450.00,312.00,189.58,9.67,7.00,7.00,3.77,0,3,0
731.00,739.00,310.00,340.53,13.33,11.00,7.00,6.34,0,3,0
455.33,432.00,317.00,123.58,8.67,7.00,7.00,2.36,0,3,0
619.00,479.00,299.00,333.47,12.33,7.00,7.00,7.54,0,3,0
877.00,721.00,363.00,495.79,12.33,15.00,15.00,3.77,0,3,0
517.67,601.00,338.00,127.15,10.00,11.00,7.00,2.16,0,3,0
805.33,898.00,323.00,361.97,14.33,17.00,7.00,5.25,0,3,0
957.00,648.00,340.00,666.74,16.33,15.00,7.00,8.22,0,3,0
444.33,468.00,349.00,70.20,8.33,7.00,7.00,1.89,0,3,0
755.67,354.00,325.00,588.67,13.67,7.00,7.00,9.43,0,3,0
404.33,333.00,327.00,105.15,7.00,7.00,7.00,0.00,0,3,0
758.33,788.00,466.00,227.55,13.67,15.00,7.00,4.99,0,3,0
636.33,643.00,367.00,217.24,11.33,12.00,7.00,3.30,0,3,0
443.67,346.00,310.00,164.24,7.00,7.00,7.00,0.00,0,3,0
501.00,529.00,362.00,103.96,8.67,7.00,7.00,2.36,0,3,0
696.67,527.00,348.00,373.73,13.33,11.00,7.00,6.34,0,3,0
514.67,591.00,309.00,147.03,10.33,12.00,12.00,2.36,0,3,0
529.00,359.00,304.00,280.21,10.33,7.00,7.00,4.71,0,3,0
574.33,473.00,309.00,267.78,10.33,7.00,7.00,4.71,0,3,0
708.33,526.00,462.00,304.24,9.67,7.00,7.00,3.77,0,3,0
387.00,353.00,326.00,68.07,7.00,7.00,7.00,0.00,0,3,0
946.33,780.00,752.00,255.29,16.67,17.00,11.00,4.50,0,3,0
662.67,782.00,392.00,191.84,12.00,12.00,7.00,4.08,0,3,0
838.33,788.00,652.00,176.32,16.33,15.00,15.00,1.89,0,3,0
634.67,567.00,401.00,223.59,8.67,7.00,7.00,2.36,0,3,0
1501.67,1371.00,1364.00,189.76,30.00,30.00,30.00,0.00,0,0,3
90.00,97.00,65.00,18.24,1.00,1.00,1.00,0.00,3,0,0
124.00,87.00,64.00,69.23,2.00,1.00,1.00,1.41,2,0,1
1429.33,1430.00,1339.00,73.49,30.00,30.00,30.00,0.00,0,0,3
581.33,628.00,81.00,390.86,11.67,13.00,1.00,8.22,3,0,0
129.00,114.00,114.00,21.21,2.00,2.00,2.00,0.00,3,0,0
571.67,481.00,278.00,284.12,11.33,10.00,6.00,4.99,0,3,0
471.33,531.00,328.00,101.82,9.67,11.00,11.00,1.89,0,3,0
189.33,174.00,165.00,28.29,3.33,3.00,3.00,0.47,3,0,0
520.00,459.00,415.00,118.75,10.67,9.00,9.00,2.36,0,3,0
536.67,353.00,345.00,265.42,7.00,7.00,7.00,0.00,0,3,0
872.67,654.00,551.00,384.38,17.67,12.00,11.00,8.73,0,2,1
95.33,100.00,80.00,11.12,1.00,1.00,1.00,0.00,3,0,0
83.33,79.00,60.00,21.04,1.00,1.00,1.00,0.00,3,0,0
402.00,403.00,350.00,42.06,7.00,7.00,7.00,0.00,0,3,0
72.00,74.00,67.00,3.56,1.00,1.00,1.00,0.00,3,0,0
75.00,77.00,68.00,5.10,1.00,1.00,1.00,0.00,3,0,0
80.33,74.00,62.00,18.12,1.00,1.00,1.00,0.00,3,0,0
197.00,89.00,66.00,169.26,3.00,1.00,1.00,2.83,2,1,0
622.67,672.00,376.00,184.59,11.67,11.00,7.00,4.11,0,3,0
675.00,496.00,402.00,321.91,13.67,11.00,7.00,6.80,0,3,0
628.00,614.00,541.00,77.39,13.00,11.00,11.00,2.83,0,3,0
659.00,815.00,338.00,227.01,13.67,17.00,17.00,4.71,0,3,0
650.33,684.00,501.00,110.77,12.33,15.00,15.00,3.77,0,3,0
567.00,524.00,386.00,168.11,11.33,12.00,7.00,3.30,0,3,0
475.67,98.00,69.00,554.73,7.67,1.00,1.00,9.43,3,0,0
314.33,331.00,104.00,165.35,5.67,6.00,1.00,3.68,3,0,0
492.33,366.00,312.00,217.96,10.33,7.00,7.00,4.71,0,3,0
476.33,497.00,363.00,85.36,10.00,11.00,7.00,2.16,0,3,0
772.00,725.00,564.00,191.92,15.00,11.00,11.00,5.66,0,3,0
656.33,565.00,478.00,193.96,12.33,11.00,11.00,1.89,0,3,0
515.00,476.00,355.00,149.13,10.00,11.00,7.00,2.16,0,3,0
396.00,388.00,341.00,48.50,7.00,7.00,7.00,0.00,0,3,0
400.00,340.00,324.00,96.39,7.00,7.00,7.00,0.00,0,3,0
946.67,1113.00,472.00,340.61,16.00,19.00,7.00,6.48,0,3,0
621.33,372.00,341.00,374.74,12.00,7.00,7.00,7.07,0,3,0
393.67,385.00,366.00,26.84,7.00,7.00,7.00,0.00,0,3,0
211.00,210.00,206.00,4.55,4.00,4.00,4.00,0.00,3,0,0
363.67,248.00,203.00,196.26,3.67,4.00,4.00,0.47,3,0,0
578.67,562.00,364.00,182.46,12.33,11.00,7.00,4.99,0,3,0
659.00,632.00,522.00,124.36,12.67,12.00,11.00,1.70,0,3,0
665.33,708.00,548.00,83.99,14.33,15.00,11.00,2.49,0,3,0
865.33,851.00,681.00,156.69,17.33,19.00,11.00,4.64,0,3,0
364.33,360.00,307.00,48.68,7.00,7.00,7.00,0.00,0,3,0
569.67,642.00,314.00,186.38,11.33,12.00,7.00,3.30,0,3,0
564.00,564.00,348.00,176.36,11.67,11.00,7.00,4.11,0,3,0
591.67,490.00,400.00,210.65,11.67,11.00,7.00,4.11,0,3,0
723.33,774.00,501.00,164.79,15.00,17.00,17.00,2.83,0,3,0
809.67,876.00,518.00,216.21,15.67,17.00,11.00,3.40,0,3,0
613.33,383.00,336.00,359.49,8.67,7.00,7.00,2.36,0,3,0
702.67,363.00,331.00,503.16,13.67,7.00,7.00,9.43,0,3,0
463.67,520.00,337.00,89.75,10.00,11.00,7.00,2.16,0,3,0
601.33,570.00,543.00,64.35,11.33,11.00,11.00,0.47,0,3,0
728.33,630.00,397.00,318.36,15.33,12.00,7.00,8.50,0,3,0
624.33,716.00,347.00,199.82,13.00,15.00,7.00,4.32,0,3,0
510.00,595.00,327.00,129.51,10.33,12.00,12.00,2.36,0,3,0
543.00,364.00,354.00,260.25,12.00,7.00,7.00,7.07,0,3,0
638.67,574.00,361.00,257.21,13.67,12.00,7.00,6.24,0,3,0
82.00,82.00,75.00,5.72,1.00,1.00,1.00,0.00,3,0,0
1434.33,1489.00,1288.00,104.57,30.00,30.00,30.00,0.00,0,0,3
235.67,283.00,90.00,105.09,4.00,4.00,1.00,2.45,1,0,2
707.00,611.00,328.00,355.19,13.67,12.00,7.00,6.24,0,3,0
338.00,334.00,333.00,6.38,7.00,7.00,7.00,0.00,0,3,0
151.67,79.00,68.00,110.64,2.67,1.00,1.00,2.36,2,1,0
474.00,453.00,441.00,38.50,8.33,7.00,7.00,1.89,0,3,0
593.33,95.00,87.00,710.41,9.33,1.00,1.00,11.79,2,1,0
893.67,1076.00,334.00,403.67,19.00,23.00,7.00,8.64,0,3,0
149.33,84.00,66.00,105.38,2.00,1.00,1.00,1.41,2,0,1
587.00,373.00,336.00,329.15,11.00,7.00,7.00,5.66,0,3,0
347.33,359.00,320.00,19.40,7.00,7.00,7.00,0.00,0,3,0
85.33,84.00,71.00,12.28,1.00,1.00,1.00,0.00,0,0,3
670.67,697.00,379.00,228.16,13.67,15.00,7.00,4.99,0,3,0
394.33,341.00,75.00,285.01,6.33,4.00,1.00,5.56,1,1,1
425.00,419.00,313.00,93.99,7.00,7.00,7.00,0.00,0,3,0
1450.67,1429.00,1297.00,135.18,30.00,30.00,30.00,0.00,0,0,3
178.67,91.00,70.00,139.09,2.33,1.00,1.00,1.89,3,0,0
686.00,840.00,303.00,272.55,7.67,9.00,9.00,1.89,3,0,0
519.33,484.00,375.00,134.61,10.00,11.00,7.00,2.16,0,3,0
438.33,394.00,70.00,320.38,7.67,5.00,1.00,6.80,3,0,0
757.67,861.00,361.00,291.01,14.33,17.00,7.00,5.25,0,3,0
241.33,155.00,136.00,135.75,4.67,2.00,2.00,3.77,2,1,0
391.33,396.00,311.00,63.77,7.00,7.00,7.00,0.00,0,3,0
842.67,365.00,322.00,706.15,14.67,7.00,7.00,10.84,0,2,1
589.00,500.00,356.00,235.16,11.33,10.00,6.00,4.99,0,3,0
605.00,573.00,397.00,184.29,8.33,7.00,7.00,1.89,0,3,0
209.33,206.00,116.00,77.60,3.33,2.00,2.00,1.89,2,1,0
719.67,732.00,410.00,247.96,14.33,17.00,7.00,5.25,0,3,0
316.67,320.00,302.00,10.87,6.00,6.00,6.00,0.00,0,3,0
558.33,523.00,312.00,217.00,11.00,11.00,7.00,3.27,0,3,0
556.33,648.00,343.00,151.35,11.00,11.00,7.00,3.27,0,3,0
335.00,342.00,294.00,31.02,6.00,6.00,6.00,0.00,0,3,0
486.33,339.00,337.00,209.78,9.67,7.00,7.00,3.77,0,3,0
440.67,499.00,291.00,106.68,8.67,10.00,10.00,1.89,0,3,0
520.00,534.00,420.00,76.58,10.00,11.00,7.00,2.16,0,3,0
178.33,175.00,154.00,21.36,3.33,3.00,3.00,0.47,3,0,0
346.00,339.00,329.00,17.45,7.00,7.00,7.00,0.00,0,3,0
780.00,672.00,364.00,391.28,16.33,12.00,7.00,9.88,0,2,1
603.33,437.00,408.00,256.01,12.00,7.00,7.00,7.07,0,3,0
468.00,485.00,365.00,78.09,10.00,11.00,7.00,2.16,0,3,0
858.33,849.00,423.00,359.32,17.67,19.00,7.00,8.22,0,3,0
223.67,191.00,173.00,59.38,3.67,4.00,4.00,0.47,3,0,0
361.00,357.00,313.00,40.92,7.00,7.00,7.00,0.00,0,3,0
233.00,230.00,150.00,69.03,3.33,3.00,3.00,0.47,3,0,0
390.00,388.00,353.00,31.06,7.00,7.00,7.00,0.00,0,3,0
360.67,345.00,325.00,37.21,7.00,6.00,6.00,1.41,0,3,0
401.67,388.00,296.00,92.36,7.33,6.00,6.00,1.89,0,3,0
443.33,353.00,338.00,138.49,8.67,7.00,7.00,2.36,0,3,0
411.33,297.00,281.00,173.13,8.00,6.00,6.00,2.83,0,3,0
757.67,429.00,346.00,524.59,12.00,7.00,7.00,7.07,0,3,0
771.33,538.00,382.00,444.87,15.33,12.00,7.00,8.50,0,3,0
651.67,470.00,436.00,281.30,13.33,11.00,7.00,6.34,0,3,0
760.33,872.00,527.00,165.04,13.33,12.00,11.00,2.62,0,3,0
451.33,355.00,338.00,148.42,8.67,7.00,7.00,2.36,0,3,0
683.67,778.00,315.00,270.85,13.00,15.00,7.00,4.32,0,3,0
1031.33,1011.00,314.00,594.18,19.00,23.00,7.00,8.64,0,3,0
436.00,389.00,363.00,85.51,8.67,7.00,7.00,2.36,0,3,0
76.33,76.00,72.00,3.68,1.00,1.00,1.00,0.00,3,0,0
1389.67,1350.00,1284.00,106.24,30.00,30.00,30.00,0.00,0,0,3
157.67,82.00,68.00,117.05,2.67,1.00,1.00,2.36,2,1,0
452.00,493.00,349.00,73.33,8.33,7.00,7.00,1.89,0,3,0
400.00,423.00,353.00,33.24,7.00,7.00,7.00,0.00,0,3,0
192.00,187.00,84.00,90.29,3.67,4.00,1.00,2.05,1,1,1
698.33,594.00,432.00,270.32,13.67,11.00,7.00,6.80,0,3,0
97.33,80.00,76.00,27.39,1.00,1.00,1.00,0.00,3,0,0
433.00,432.00,325.00,88.59,7.00,7.00,7.00,0.00,0,3,0
386.33,442.00,75.00,234.80,7.00,6.00,1.00,5.35,1,2,0
609.00,731.00,313.00,210.38,11.33,12.00,7.00,3.30,0,3,0
668.67,815.00,374.00,208.36,13.67,15.00,7.00,4.99,0,3,0
322.00,139.00,88.00,295.60,6.33,1.00,1.00,7.54,1,1,1
528.33,441.00,338.00,200.79,9.67,7.00,7.00,3.77,0,3,0
271.67,330.00,66.00,149.90,5.33,7.00,1.00,3.09,1,1,1
822.00,342.00,309.00,702.29,14.67,7.00,7.00,10.84,0,2,1
1428.33,1460.00,1353.00,53.49,30.00,30.00,30.00,0.00,0,0,3
136.67,81.00,79.00,80.14,2.33,1.00,1.00,1.89,3,0,0
463.00,266.00,251.00,289.27,9.00,5.00,5.00,5.66,3,0,0
703.00,498.00,446.00,327.37,13.67,11.00,7.00,6.80,0,3,0
540.00,697.00,94.00,319.94,10.33,13.00,1.00,6.80,3,0,0
932.00,789.00,749.00,231.09,19.00,17.00,17.00,2.83,0,3,0
171.67,114.00,109.00,85.11,3.33,2.00,2.00,1.89,2,1,0
751.67,766.00,390.00,289.63,15.00,15.00,7.00,6.53,0,3,0
435.33,349.00,346.00,124.22,8.33,7.00,7.00,1.89,0,3,0
440.33,453.00,352.00,67.55,8.67,10.00,10.00,1.89,0,3,0
449.33,499.00,332.00,83.29,9.67,11.00,11.00,1.89,0,3,0
264.00,281.00,136.00,98.31,4.67,6.00,6.00,1.89,1,2,0
561.00,482.00,383.00,186.17,11.67,11.00,7.00,4.11,0,3,0
669.67,520.00,504.00,223.07,10.00,10.00,10.00,0.00,0,3,0
844.33,933.00,500.00,252.85,17.67,19.00,11.00,4.99,0,3,0
518.67,569.00,382.00,97.75,10.00,11.00,7.00,2.16,0,3,0
510.33,521.00,308.00,161.03,10.00,10.00,6.00,3.27,0,3,0
355.67,338.00,329.00,31.56,7.00,7.00,7.00,0.00,0,3,0
613.33,322.00,301.00,426.94,8.67,6.00,6.00,3.77,0,3,0
527.00,350.00,332.00,263.15,10.33,7.00,7.00,4.71,0,3,0
204.67,203.00,196.00,7.85,3.67,4.00,4.00,0.47,3,0,0
463.33,388.00,324.00,154.02,8.67,7.00,7.00,2.36,0,3,0
789.00,749.00,503.00,251.44,16.00,15.00,11.00,4.55,0,3,0
560.67,344.00,329.00,317.08,12.00,7.00,7.00,7.07,0,3,0
994.00,919.00,361.00,550.02,17.00,17.00,7.00,8.16,0,3,0
807.67,533.00,368.00,509.58,16.00,11.00,7.00,10.03,0,2,1
227.67,212.00,207.00,25.77,4.00,4.00,4.00,0.00,3,0,0
506.33,352.00,340.00,226.80,10.33,7.00,7.00,4.71,0,3,0
199.67,192.00,168.00,29.49,3.67,4.00,4.00,0.47,3,0,0
456.67,388.00,314.00,152.46,8.67,7.00,7.00,2.36,0,3,0
457.00,372.00,278.00,190.58,9.00,6.00,6.00,4.24,0,3,0
552.00,328.00,325.00,318.91,10.00,6.00,6.00,5.66,0,3,0
765.67,536.00,407.00,419.33,12.67,12.00,7.00,4.92,0,3,0
423.00,339.00,288.00,156.25,8.00,6.00,6.00,2.83,0,3,0
584.00,530.00,327.00,235.01,8.33,7.00,7.00,1.89,0,3,0
629.33,588.00,506.00,121.15,12.67,12.00,11.00,1.70,0,3,0
452.33,360.00,339.00,145.68,8.67,7.00,7.00,2.36,0,3,0
666.00,662.00,564.00,84.96,12.67,12.00,11.00,1.70,0,3,0
409.67,364.00,358.00,68.87,7.00,7.00,7.00,0.00,0,3,0
