304.67,258.00,215.00,97.99,8.67,6.00,6.00,3.77,0,3,0
547.67,576.00,299.00,192.51,12.67,12.00,8.00,4.11,0,3,0
428.67,220.00,198.00,310.79,12.67,6.00,6.00,9.43,0,3,0
295.33,287.00,226.00,60.30,8.00,8.00,6.00,1.63,0,3,0
331.33,386.00,216.00,81.59,8.67,10.00,10.00,1.89,0,3,0
285.33,289.00,225.00,47.84,8.00,8.00,6.00,1.63,0,3,0
331.00,361.00,268.00,44.56,8.00,8.00,6.00,1.63,0,3,0
293.33,309.00,212.00,61.03,7.33,6.00,6.00,1.89,0,3,0
352.00,348.00,302.00,42.55,10.00,10.00,8.00,1.63,0,3,0
261.00,288.00,206.00,38.89,7.33,8.00,8.00,0.94,0,3,0
314.00,239.00,213.00,124.90,8.67,6.00,6.00,3.77,0,3,0
224.00,215.00,212.00,14.90,6.00,6.00,6.00,0.00,0,3,0
313.00,332.00,259.00,38.74,8.67,10.00,10.00,1.89,0,3,0
340.00,355.00,306.00,24.10,9.33,10.00,10.00,0.94,0,3,0
423.33,496.00,210.00,153.38,12.67,14.00,6.00,4.99,0,3,0
254.67,257.00,212.00,33.92,6.67,6.00,6.00,0.94,0,3,0
545.00,428.00,340.00,230.51,16.00,12.00,10.00,7.12,0,3,0
292.33,281.00,206.00,75.54,8.67,8.00,6.00,2.49,0,3,0
258.67,206.00,203.00,76.61,7.33,6.00,6.00,1.89,0,3,0
261.33,222.00,212.00,62.83,7.33,6.00,6.00,1.89,0,3,0
372.33,349.00,207.00,145.46,10.67,10.00,6.00,4.11,0,3,0
409.00,280.00,215.00,229.93,12.00,8.00,6.00,7.12,0,3,0
213.00,216.00,205.00,5.72,6.00,6.00,6.00,0.00,0,3,0
210.00,209.00,208.00,2.16,6.00,6.00,6.00,0.00,0,3,0
335.00,310.00,219.00,106.40,9.33,8.00,6.00,3.40,0,3,0
321.00,336.00,268.00,38.64,9.33,10.00,10.00,0.94,0,3,0
400.33,269.00,216.00,224.26,12.00,8.00,6.00,7.12,0,3,0
176.33,162.00,153.00,26.89,4.33,4.00,4.00,0.47,0,3,0
197.33,164.00,150.00,57.33,5.33,4.00,4.00,1.89,0,3,0
93.67,95.00,89.00,3.40,2.00,2.00,2.00,0.00,0,3,0
156.00,92.00,85.00,95.50,4.00,2.00,2.00,2.83,3,0,0
229.67,234.00,186.00,34.02,5.67,5.00,5.00,0.94,0,3,0
405.67,367.00,258.00,139.07,11.00,11.00,5.00,4.90,0,3,0
245.00,244.00,200.00,37.16,6.67,6.00,6.00,0.94,0,3,0
165.33,163.00,159.00,6.34,4.00,4.00,4.00,0.00,0,3,0
95.33,95.00,85.00,8.58,2.00,2.00,2.00,0.00,0,3,0
394.00,470.00,217.00,125.57,11.33,14.00,14.00,3.77,0,3,0
344.00,348.00,335.00,6.38,10.00,10.00,10.00,0.00,0,3,0
351.33,309.00,218.00,129.65,9.00,9.00,5.00,3.27,0,3,0
309.67,245.00,244.00,92.16,7.33,6.00,6.00,1.89,0,3,0
330.00,187.00,172.00,212.93,9.00,5.00,5.00,5.66,0,3,0
280.33,247.00,188.00,92.07,7.67,7.00,5.00,2.49,0,3,0
290.00,295.00,236.00,42.20,8.00,8.00,6.00,1.63,0,3,0
370.67,342.00,294.00,77.02,10.67,10.00,8.00,2.49,0,3,0
367.33,368.00,286.00,66.14,10.00,10.00,8.00,1.63,0,3,0
358.33,247.00,212.00,182.76,10.00,6.00,6.00,5.66,0,3,0
375.00,310.00,216.00,162.97,10.67,8.00,6.00,5.25,0,3,0
221.33,275.00,88.00,94.88,6.00,8.00,8.00,2.83,3,0,0
206.67,183.00,114.00,86.95,5.67,5.00,3.00,2.49,3,0,0
337.33,290.00,228.00,113.63,9.33,8.00,6.00,3.40,0,3,0
260.67,228.00,204.00,63.92,7.33,6.00,6.00,1.89,0,3,0
353.33,213.00,213.00,198.46,10.00,6.00,6.00,5.66,0,3,0
213.33,211.00,210.00,4.03,6.00,6.00,6.00,0.00,0,3,0
266.00,252.00,209.00,53.19,7.33,6.00,6.00,1.89,0,3,0
324.67,335.00,273.00,38.66,9.33,10.00,10.00,0.94,0,3,0
318.67,353.00,206.00,81.67,8.67,10.00,10.00,1.89,0,3,0
247.00,222.00,221.00,36.06,6.67,6.00,6.00,0.94,0,3,0
266.33,246.00,213.00,53.80,7.33,6.00,6.00,1.89,0,3,0
423.00,217.00,211.00,295.58,12.67,6.00,6.00,9.43,0,3,0
268.67,266.00,247.00,18.87,7.33,8.00,8.00,0.94,0,3,0
425.00,469.00,288.00,98.92,12.00,14.00,14.00,2.83,0,3,0
176.33,181.00,163.00,9.57,4.00,4.00,4.00,0.00,0,3,0
208.33,226.00,165.00,30.81,5.33,6.00,6.00,0.94,0,3,0
287.67,224.00,222.00,91.46,8.00,6.00,6.00,2.83,0,3,0
244.67,275.00,166.00,56.11,6.00,7.00,7.00,1.41,0,3,0
377.00,347.00,285.00,89.90,10.67,10.00,8.00,2.49,0,3,0
66.67,64.00,61.00,6.02,1.00,1.00,1.00,0.00,0,3,0
245.67,246.00,223.00,18.37,6.67,6.00,6.00,0.94,0,3,0
215.67,213.00,213.00,3.77,6.00,6.00,6.00,0.00,0,3,0
250.33,188.00,164.00,105.58,6.67,4.00,4.00,3.77,0,3,0
364.33,181.00,152.00,280.03,10.67,4.00,4.00,9.43,0,3,0
272.33,248.00,222.00,53.85,7.33,6.00,6.00,1.89,0,3,0
318.00,162.00,157.00,224.16,9.33,4.00,4.00,7.54,0,3,0
94.67,95.00,91.00,2.87,2.00,2.00,2.00,0.00,0,3,0
110.00,92.00,90.00,26.88,2.67,2.00,2.00,0.94,3,0,0
95.67,102.00,102.00,8.96,2.00,2.00,2.00,0.00,3,0,0
298.00,318.00,222.00,55.71,8.00,8.00,6.00,1.63,0,3,0
92.00,92.00,90.00,1.63,2.00,2.00,2.00,0.00,3,0,0
242.67,225.00,216.00,31.56,6.67,6.00,6.00,0.94,0,3,0
226.67,190.00,185.00,55.43,6.00,5.00,5.00,1.41,0,3,0
352.67,194.00,189.00,227.93,10.00,5.00,5.00,7.07,0,3,0
256.33,256.00,224.00,26.54,6.67,6.00,6.00,0.94,0,3,0
288.33,288.00,192.00,78.79,8.00,8.00,5.00,2.45,0,3,0
319.33,297.00,222.00,89.99,8.67,8.00,6.00,2.49,0,3,0
295.33,292.00,199.00,80.05,8.00,8.00,5.00,2.45,0,3,0
303.67,299.00,177.00,105.38,8.00,8.00,5.00,2.45,0,3,0
216.00,182.00,176.00,52.38,6.00,5.00,5.00,1.41,0,3,0
427.00,350.00,283.00,158.65,12.00,10.00,8.00,4.32,0,3,0
307.67,341.00,192.00,84.20,8.33,9.00,5.00,2.49,0,3,0
313.67,246.00,239.00,100.69,8.67,6.00,6.00,3.77,0,3,0
261.00,223.00,208.00,64.64,7.33,6.00,6.00,1.89,0,3,0
231.33,224.00,222.00,11.81,6.00,6.00,6.00,0.00,0,3,0
333.33,284.00,233.00,107.86,8.67,6.00,6.00,3.77,0,3,0
322.33,319.00,216.00,88.21,8.67,8.00,6.00,2.49,0,3,0
252.67,235.00,216.00,39.19,6.67,6.00,6.00,0.94,0,3,0
454.33,512.00,222.00,171.09,12.67,14.00,6.00,4.99,0,3,0
298.67,262.00,208.00,92.70,7.33,6.00,6.00,1.89,0,3,0
230.33,229.00,216.00,12.28,6.00,6.00,6.00,0.00,0,3,0
229.67,226.00,225.00,5.91,6.00,6.00,6.00,0.00,0,3,0
283.00,195.00,159.00,150.63,7.00,4.00,4.00,4.24,0,3,0
231.33,211.00,192.00,42.90,5.00,4.00,4.00,1.41,0,3,0
443.33,387.00,336.00,117.59,12.00,10.00,8.00,4.32,0,3,0
244.33,195.00,190.00,73.33,5.67,5.00,4.00,1.70,0,3,0
745.00,678.00,410.00,304.59,20.00,20.00,10.00,8.16,0,2,1
66.00,67.00,63.00,2.16,1.00,1.00,1.00,0.00,0,3,0
434.67,470.00,215.00,166.81,12.67,14.00,6.00,4.99,0,3,0
483.33,510.00,215.00,209.06,13.33,12.00,6.00,6.60,0,3,0
249.00,278.00,161.00,63.42,6.67,8.00,8.00,1.89,0,3,0
215.67,209.00,164.00,45.15,5.33,4.00,4.00,1.89,0,3,0
271.00,270.00,257.00,11.86,6.67,6.00,6.00,0.94,0,3,0
161.67,153.00,153.00,12.26,4.00,4.00,4.00,0.00,0,3,0
99.67,101.00,95.00,3.40,2.00,2.00,2.00,0.00,0,3,0
123.33,123.00,88.00,28.99,2.67,2.00,2.00,0.94,3,0,0
146.33,102.00,93.00,69.16,3.33,2.00,2.00,1.89,3,0,0
238.67,232.00,225.00,14.66,6.00,6.00,6.00,0.00,0,3,0
96.67,99.00,90.00,4.78,2.00,2.00,2.00,0.00,3,0,0
223.00,222.00,215.00,6.98,6.00,6.00,6.00,0.00,0,3,0
234.00,235.00,189.00,36.34,5.00,5.00,5.00,0.00,0,3,0
313.67,210.00,201.00,153.01,8.00,5.00,5.00,4.24,0,3,0
408.33,412.00,329.00,63.33,7.33,6.00,6.00,1.89,0,3,0
459.33,445.00,282.00,150.98,8.00,8.00,7.00,0.82,0,3,0
419.00,498.00,247.00,121.76,10.00,10.00,6.00,3.27,0,3,0
237.33,217.00,199.00,42.13,6.00,5.00,5.00,1.41,0,3,0
274.33,279.00,213.00,48.29,7.33,8.00,5.00,1.70,0,3,0
274.00,195.00,192.00,113.85,7.67,5.00,5.00,3.77,0,3,0
293.33,220.00,215.00,107.26,8.00,6.00,6.00,2.83,0,3,0
392.67,203.00,185.00,281.05,10.33,5.00,5.00,7.54,0,3,0
348.33,234.00,227.00,166.67,9.33,6.00,6.00,4.71,0,3,0
262.33,276.00,231.00,22.22,7.33,8.00,8.00,0.94,0,3,0
311.00,338.00,222.00,64.53,7.33,6.00,6.00,1.89,0,3,0
281.33,249.00,238.00,53.69,7.33,6.00,6.00,1.89,0,3,0
271.67,298.00,207.00,45.99,6.67,6.00,6.00,0.94,0,3,0
500.00,372.00,273.00,254.26,12.67,10.00,6.00,6.80,0,3,0
357.33,362.00,226.00,105.38,10.00,10.00,6.00,3.27,0,3,0
230.33,222.00,220.00,13.22,6.00,6.00,6.00,0.00,0,3,0
445.67,340.00,245.00,220.06,12.67,10.00,6.00,6.80,0,3,0
398.00,339.00,227.00,168.94,11.33,10.00,6.00,4.99,0,3,0
303.00,334.00,219.00,60.07,8.67,10.00,10.00,1.89,0,3,0
259.00,249.00,230.00,28.65,6.00,6.00,6.00,0.00,0,3,0
385.33,282.00,267.00,156.86,11.33,8.00,8.00,4.71,0,3,0
465.67,540.00,216.00,181.29,12.67,14.00,6.00,4.99,0,3,0
357.00,355.00,257.00,82.48,10.00,10.00,6.00,3.27,0,3,0
474.67,467.00,461.00,15.28,12.00,12.00,10.00,1.63,0,3,0
265.33,251.00,230.00,36.15,6.00,6.00,6.00,0.00,0,3,0
312.00,224.00,222.00,125.87,8.67,6.00,6.00,3.77,0,3,0
232.00,229.00,219.00,12.03,6.00,6.00,6.00,0.00,0,3,0
336.67,361.00,216.00,90.25,9.33,10.00,6.00,2.49,0,3,0
313.67,294.00,234.00,74.39,6.67,6.00,6.00,0.94,0,3,0
281.00,253.00,229.00,57.41,7.33,6.00,6.00,1.89,0,3,0
