562.98,447.00,32.00,543.96,9.90,7.00,7.00,7.21,10,37,3
443.84,309.50,33.00,320.06,9.40,7.00,7.00,6.71,10,39,1
434.26,353.50,31.00,363.41,9.08,7.00,7.00,6.08,10,39,1
471.90,426.50,31.00,335.69,8.98,7.00,7.00,6.38,10,40,0
462.90,344.50,282.00,365.40,9.12,7.00,7.00,6.59,10,39,1
469.34,471.50,309.00,353.92,9.22,7.00,7.00,6.27,10,39,1
520.02,460.50,29.00,391.48,10.58,9.00,7.00,7.58,10,39,1
476.24,356.50,31.00,358.27,9.72,7.00,7.00,6.89,10,39,1
413.20,396.00,30.00,244.70,8.84,7.00,7.00,5.17,10,40,0
419.42,309.50,33.00,343.19,8.50,7.00,7.00,6.11,10,39,1
502.66,429.00,30.00,386.08,10.08,7.00,7.00,7.73,10,37,3
487.54,455.00,296.00,369.31,9.82,7.00,7.00,7.19,10,39,1
429.68,365.50,33.00,270.89,9.00,7.00,7.00,5.41,10,40,0
447.30,408.50,32.00,337.75,9.72,9.00,7.00,6.91,10,38,2
492.32,363.50,76.00,417.76,10.36,7.00,7.00,7.88,10,38,2
511.10,457.50,32.00,371.20,10.42,9.00,7.00,7.43,10,39,1
443.68,334.00,284.00,449.62,9.12,7.00,7.00,6.83,10,39,1
472.54,360.00,35.00,363.32,9.28,7.00,7.00,7.10,10,39,1
441.60,317.50,31.00,333.73,9.22,7.00,7.00,6.32,10,40,0
403.26,343.00,31.00,269.40,8.88,7.00,7.00,6.04,10,39,1
419.56,326.50,32.00,323.79,9.34,7.00,7.00,7.29,10,38,2
508.60,381.00,33.00,408.56,10.66,7.00,7.00,7.65,10,39,1
391.50,315.50,304.00,279.16,8.32,7.00,7.00,5.42,10,40,0
474.38,433.00,487.00,333.25,9.90,7.00,7.00,6.52,10,40,0
415.08,367.00,79.00,275.69,8.88,7.00,7.00,5.29,10,40,0
434.90,324.00,29.00,323.34,8.74,7.00,7.00,6.61,10,39,1
421.48,470.00,29.00,259.62,9.28,9.00,7.00,5.87,10,40,0
436.62,448.50,29.00,316.45,9.54,9.00,7.00,6.53,10,40,0
389.82,321.00,30.00,309.63,8.10,7.00,7.00,5.66,10,40,0
487.02,364.00,28.00,377.82,9.94,7.00,7.00,7.54,10,38,2
481.46,335.50,305.00,371.27,10.06,7.00,7.00,7.59,10,38,2
413.76,332.00,31.00,288.61,8.52,7.00,7.00,6.13,10,39,1
439.18,324.00,291.00,316.27,9.12,7.00,7.00,6.32,10,39,1
419.12,331.50,35.00,308.26,9.32,7.00,7.00,6.97,10,38,2
450.60,317.00,303.00,363.30,9.32,7.00,7.00,6.84,10,39,1
429.52,330.00,312.00,298.53,9.04,7.00,7.00,6.40,10,39,1
442.18,314.50,29.00,370.25,9.54,7.00,7.00,6.84,10,39,1
409.40,445.00,31.00,254.30,8.64,7.00,7.00,5.16,10,40,0
440.78,313.50,289.00,395.46,9.08,7.00,7.00,6.79,10,38,2
437.20,339.50,314.00,336.57,9.46,7.00,7.00,6.68,10,40,0
464.34,326.50,65.00,345.97,10.14,7.00,7.00,7.64,10,39,1
400.20,326.00,291.00,274.65,8.72,7.00,7.00,6.06,10,40,0
407.66,311.50,30.00,302.92,8.96,7.00,7.00,6.65,10,39,1
421.78,319.50,287.00,326.63,9.18,7.00,7.00,6.98,10,40,0
422.94,326.00,32.00,313.09,9.10,7.00,7.00,6.61,10,39,1
483.68,362.50,315.00,368.89,9.56,7.00,7.00,6.76,10,39,1
486.30,337.00,58.00,418.36,9.76,7.00,7.00,8.33,10,37,3
428.28,322.00,300.00,328.26,9.32,7.00,7.00,7.03,10,38,2
481.40,453.00,30.00,339.99,9.92,7.00,7.00,7.10,10,39,1
417.48,321.00,37.00,294.94,8.72,7.00,7.00,6.04,10,39,1
425.78,337.00,30.00,310.36,8.98,7.00,7.00,6.47,10,39,1
397.16,313.00,30.00,291.92,8.26,7.00,7.00,5.92,10,40,0
454.66,371.00,28.00,338.29,8.96,7.00,7.00,6.41,10,39,1
447.64,336.00,29.00,357.16,9.32,7.00,7.00,7.25,10,39,1
431.36,377.00,35.00,303.95,8.64,7.00,7.00,5.65,10,40,0
433.92,340.50,31.00,337.41,8.96,7.00,7.00,6.91,10,38,2
482.62,457.00,38.00,355.59,10.16,9.00,7.00,7.16,10,38,2
396.56,325.50,30.00,278.97,8.56,7.00,7.00,5.97,10,39,1
481.70,441.00,31.00,391.00,9.98,7.00,7.00,7.45,10,38,2
444.36,341.00,32.00,363.70,9.16,7.00,7.00,7.06,10,38,2
403.20,325.50,31.00,283.53,8.18,7.00,7.00,5.09,10,40,0
414.56,343.50,31.00,291.52,8.88,7.00,7.00,6.37,10,39,1
431.62,338.00,30.00,305.65,9.04,7.00,7.00,6.25,10,39,1
396.70,350.00,37.00,258.29,8.90,7.00,7.00,5.87,10,40,0
419.08,327.50,279.00,334.92,8.78,7.00,7.00,6.40,10,40,0
500.84,461.50,33.00,358.08,10.04,7.00,7.00,6.99,10,39,1
451.12,355.50,29.00,329.18,9.26,7.00,7.00,6.29,10,40,0
418.60,331.50,35.00,302.97,8.72,7.00,7.00,5.71,10,40,0
420.10,348.00,33.00,289.00,9.04,7.00,7.00,6.24,10,39,1
452.96,331.50,37.00,340.53,9.48,7.00,7.00,7.27,10,37,3
469.32,337.00,35.00,389.46,9.94,7.00,7.00,7.90,10,38,2
430.92,371.50,39.00,305.08,8.64,7.00,7.00,5.57,10,40,0
462.20,328.50,30.00,410.63,9.50,7.00,7.00,7.52,10,37,3
488.60,439.00,30.00,372.74,10.20,7.00,7.00,7.37,10,39,1
526.26,462.00,29.00,392.34,10.52,11.00,7.00,7.48,10,39,1
441.38,336.50,28.00,358.98,8.96,7.00,7.00,6.65,10,39,1
456.56,432.50,44.00,329.62,9.78,7.00,7.00,7.04,10,39,1
488.34,429.50,30.00,369.68,9.26,7.00,7.00,6.62,10,39,1
1189.94,1400.00,30.00,601.51,24.20,30.00,30.00,11.60,10,0,40
427.62,253.00,30.00,487.87,8.66,5.00,1.00,9.16,10,16,24
346.14,208.00,55.00,354.60,7.32,4.00,1.00,7.86,10,17,23
1207.50,1359.50,1272.00,617.39,24.20,30.00,30.00,11.60,10,0,40
404.44,300.00,30.00,317.28,8.04,6.00,6.00,5.79,10,40,0
446.56,280.50,408.00,385.00,9.32,6.00,6.00,7.70,10,38,2
368.34,317.00,251.00,256.22,7.48,6.00,6.00,5.36,10,40,0
402.60,327.50,37.00,285.92,8.68,7.00,7.00,6.06,10,40,0
395.22,297.00,29.00,291.83,8.00,6.00,6.00,5.95,10,39,1
342.78,282.50,29.00,217.74,7.36,6.00,6.00,4.69,10,40,0
436.68,362.50,30.00,314.52,9.18,7.00,7.00,6.32,10,39,1
448.04,371.00,28.00,315.17,8.92,7.00,7.00,6.01,10,39,1
499.00,423.00,27.00,343.74,10.20,8.00,8.00,6.62,10,40,0
522.90,479.50,27.00,359.77,10.62,8.00,8.00,7.12,10,39,1
381.22,331.00,318.00,237.78,8.22,7.00,7.00,4.89,10,40,0
485.40,387.50,30.00,351.51,9.98,8.00,8.00,7.14,10,38,2
602.12,557.50,30.00,446.59,11.96,9.00,9.00,7.92,10,39,1
513.58,459.50,36.00,327.06,10.32,9.00,9.00,6.37,10,40,0
427.96,338.50,30.00,303.29,9.00,7.00,7.00,6.12,10,39,1
381.46,325.50,317.00,262.72,8.04,7.00,7.00,5.47,10,40,0
481.16,402.00,309.00,350.20,9.78,7.00,7.00,7.11,10,38,2
421.02,461.00,40.00,248.25,8.58,7.00,7.00,5.40,10,40,0
503.50,376.50,30.00,390.80,10.62,7.00,7.00,8.30,10,37,3
438.14,320.50,49.00,349.14,8.74,7.00,7.00,6.64,10,38,2
459.62,352.50,337.00,327.04,9.24,7.00,7.00,5.78,10,40,0
403.96,321.00,294.00,278.64,8.06,7.00,7.00,5.42,10,40,0
498.74,332.00,311.00,383.86,10.16,7.00,7.00,7.58,10,39,1
454.68,338.50,31.00,332.31,8.94,7.00,7.00,6.22,10,39,1
419.46,336.50,33.00,285.70,8.88,7.00,7.00,6.14,10,40,0
437.04,336.50,41.00,329.29,8.74,7.00,7.00,5.97,10,40,0
460.80,400.50,34.00,319.12,9.36,7.00,7.00,6.28,10,40,0
426.70,399.50,305.00,287.35,8.56,7.00,7.00,5.94,10,39,1
467.96,365.00,35.00,340.63,9.36,7.00,7.00,6.58,10,39,1
463.12,378.00,32.00,335.20,9.12,7.00,7.00,6.40,10,38,2
444.96,381.50,31.00,305.23,9.00,7.00,7.00,5.91,10,39,1
485.58,407.00,32.00,351.11,9.82,7.00,7.00,7.23,10,39,1
461.82,402.50,32.00,347.22,9.38,7.00,7.00,6.51,10,39,1
440.50,326.00,31.00,370.87,9.38,7.00,7.00,7.60,10,37,3
385.04,353.50,31.00,247.76,8.38,7.00,7.00,5.27,10,40,0
427.52,329.00,29.00,342.75,8.58,7.00,7.00,6.38,10,40,0
422.22,339.50,35.00,303.51,8.58,7.00,7.00,5.26,10,40,0
446.22,406.50,30.00,316.86,9.18,7.00,7.00,6.21,10,39,1
428.02,323.00,35.00,319.07,8.76,7.00,7.00,5.64,10,40,0
404.66,344.50,32.00,281.97,8.48,7.00,7.00,5.96,10,40,0
467.60,436.50,329.00,326.69,9.70,9.00,7.00,6.43,10,40,0
502.12,452.00,33.00,404.49,10.18,9.00,7.00,7.16,10,39,1
496.76,375.00,33.00,394.86,9.84,7.00,7.00,7.39,10,38,2
420.34,322.50,34.00,305.75,8.96,7.00,7.00,6.22,10,40,0
465.38,389.00,33.00,360.24,9.30,7.00,7.00,6.51,10,39,1
556.66,373.50,30.00,469.00,11.16,7.00,7.00,8.86,10,35,5
427.44,379.00,29.00,295.16,8.84,7.00,7.00,5.53,10,40,0
429.18,355.00,31.00,319.14,8.64,7.00,7.00,6.01,10,39,1
438.78,348.50,31.00,309.23,8.86,7.00,7.00,6.28,10,39,1
453.26,413.50,34.00,296.24,8.68,7.00,7.00,5.22,10,40,0
446.28,340.00,34.00,369.51,8.54,7.00,7.00,6.38,10,38,2
491.68,353.00,31.00,382.08,9.64,7.00,7.00,6.93,10,40,0
470.74,350.00,30.00,324.34,9.06,7.00,7.00,5.74,10,40,0
479.28,347.50,33.00,367.40,10.02,7.00,7.00,7.48,10,38,2
92.18,91.00,87.00,31.95,1.80,2.00,2.00,0.40,10,40,0
1207.82,1348.00,31.00,650.24,24.20,30.00,30.00,11.60,10,0,40
314.74,210.00,31.00,360.39,6.64,5.00,1.00,7.32,10,17,23
477.96,493.00,32.00,310.44,9.50,11.00,7.00,5.83,10,40,0
464.70,457.00,34.00,328.06,9.16,7.00,7.00,5.77,10,39,1
348.76,268.50,32.00,325.04,7.42,6.00,1.00,6.86,10,22,18
409.44,330.50,35.00,372.73,8.26,7.00,7.00,5.65,10,39,1
369.02,162.00,47.00,508.97,7.22,3.50,1.00,8.46,10,14,26
434.88,369.50,30.00,295.77,8.68,7.00,7.00,5.76,10,39,1
413.38,274.50,43.00,462.70,7.34,4.50,1.00,7.44,10,17,23
445.18,324.50,30.00,339.59,8.74,7.00,7.00,5.90,10,40,0
477.28,339.00,30.00,383.51,9.40,7.00,7.00,6.82,10,39,1
365.54,203.50,29.00,420.27,7.58,4.50,1.00,8.50,10,13,27
449.84,312.00,29.00,433.06,8.56,7.00,7.00,6.30,10,39,1
192.80,112.00,32.00,189.37,3.82,2.00,1.00,3.62,10,11,29
446.26,343.00,32.00,379.16,8.60,7.00,7.00,6.04,10,39,1
1273.98,1412.00,38.00,686.95,24.20,30.00,30.00,11.60,10,0,40
408.42,283.00,281.00,328.08,8.04,6.00,6.00,6.00,10,39,1
401.94,431.00,31.00,262.43,8.12,6.00,6.00,5.26,10,40,0
520.76,449.00,32.00,421.31,9.52,9.00,7.00,6.24,10,39,1
426.90,305.00,30.00,347.36,7.96,6.00,6.00,5.79,10,40,0
433.80,342.00,29.00,310.54,8.88,7.00,7.00,6.13,10,39,1
425.12,311.00,30.00,352.22,8.36,6.00,6.00,6.10,10,39,1
441.36,353.50,35.00,305.03,8.74,7.00,7.00,5.59,10,40,0
510.48,349.50,34.00,446.33,9.70,7.00,7.00,7.55,10,38,2
405.74,432.50,29.00,281.37,8.20,6.00,6.00,5.73,10,40,0
408.82,353.00,33.00,274.71,8.62,7.00,7.00,5.59,10,40,0
390.78,290.00,30.00,310.97,8.28,6.00,6.00,6.41,10,39,1
474.92,404.00,30.00,359.49,9.90,7.00,7.00,7.13,10,38,2
386.24,300.50,30.00,292.28,7.96,6.00,6.00,5.67,10,39,1
539.22,430.50,30.00,455.31,10.42,7.00,7.00,8.05,10,37,3
518.52,473.00,36.00,392.28,10.34,7.00,7.00,7.37,10,39,1
433.88,304.50,29.00,344.15,8.76,6.00,6.00,7.04,10,39,1
470.60,479.00,30.00,315.93,9.28,7.00,7.00,5.93,10,40,0
478.34,401.00,30.00,404.80,8.92,6.00,6.00,6.40,10,40,0
460.16,358.50,32.00,352.73,9.06,7.00,7.00,6.28,10,39,1
370.56,287.00,29.00,304.04,7.34,6.00,6.00,5.91,10,39,1
483.86,393.50,30.00,328.82,9.34,7.00,7.00,5.98,10,40,0
443.38,382.00,32.00,290.67,9.38,7.00,7.00,5.98,10,40,0
904.00,343.50,30.00,3397.98,8.50,7.00,7.00,5.92,10,40,0
422.12,362.00,36.00,306.00,8.46,7.00,7.00,5.73,10,40,0
526.54,424.50,48.00,383.77,9.88,7.00,7.00,7.01,10,38,2
400.78,308.00,29.00,312.29,7.64,6.00,6.00,5.46,10,40,0
490.04,350.00,343.00,399.10,9.40,7.00,7.00,7.14,10,40,0
418.72,371.00,464.00,313.85,8.06,6.00,6.00,5.39,10,40,0
505.48,452.00,33.00,396.11,10.00,7.00,7.00,7.02,10,38,2
458.56,415.50,31.00,347.62,8.78,7.50,6.00,6.30,10,40,0
424.68,386.50,33.00,322.30,7.84,6.00,6.00,5.24,10,40,0
427.38,346.00,32.00,316.78,8.62,7.00,7.00,5.63,10,35,0
368.98,282.00,31.00,300.66,7.88,6.00,6.00,6.52,10,31,0
424.12,333.00,30.00,329.90,9.12,7.00,7.00,6.79,10,31,0
430.07,333.00,33.00,324.52,9.05,7.00,7.00,6.20,10,31,0
387.56,316.00,31.00,304.50,8.29,7.00,7.00,5.91,10,31,0
417.24,319.00,319.00,350.52,9.15,7.00,7.00,7.33,10,30,1
419.88,336.00,29.00,351.77,9.07,7.00,7.00,6.92,10,31,0
417.27,340.00,30.00,335.17,9.17,7.00,7.00,7.20,10,29,2
485.56,334.00,31.00,403.35,10.17,7.00,7.00,8.39,10,29,2
467.73,371.00,36.00,338.50,9.63,7.00,7.00,7.12,10,30,1
90.10,87.00,83.00,76.24,1.76,2.00,2.00,0.43,10,31,0
1061.59,1312.00,30.00,603.50,22.93,30.00,30.00,12.45,10,0,31
239.93,139.00,27.00,317.29,5.15,3.00,1.00,6.79,10,9,22
317.27,309.00,31.00,219.93,7.00,7.00,7.00,4.59,10,31,0
391.41,320.00,33.00,303.68,8.20,7.00,7.00,6.04,10,30,1
310.05,230.00,37.00,354.46,5.88,4.00,1.00,6.22,10,13,18
437.54,352.00,28.00,356.57,8.95,7.00,7.00,6.76,10,30,1
338.78,217.00,28.00,382.71,6.85,5.00,1.00,7.51,10,15,16
426.20,338.00,27.00,335.68,9.29,7.00,7.00,7.14,10,31,0
309.17,226.00,27.00,324.32,6.29,5.00,1.00,5.89,10,15,16
411.15,318.00,30.00,401.26,8.71,7.00,7.00,7.86,10,28,3
463.73,329.00,32.00,384.45,9.83,7.00,7.00,7.58,10,30,1
281.32,155.00,29.00,379.26,5.90,3.00,1.00,7.54,10,11,20
432.80,387.00,30.00,314.38,8.95,7.00,7.00,6.31,10,31,0
279.46,141.00,28.00,386.29,5.07,3.00,1.00,6.46,10,6,25
422.12,370.00,28.00,322.65,8.63,7.00,7.00,6.25,10,30,1
1081.20,1361.00,32.00,614.81,22.93,30.00,30.00,12.45,10,0,31
290.17,270.00,28.00,225.07,6.15,6.00,6.00,4.12,10,31,0
372.66,273.00,29.00,336.57,8.10,6.00,6.00,7.08,10,29,2
419.46,355.00,28.00,303.14,8.41,7.00,7.00,5.74,10,31,0
412.24,431.00,29.00,293.07,8.29,10.00,1.00,5.52,10,31,0
389.00,332.00,36.00,305.07,8.49,7.00,7.00,6.35,10,30,1
373.07,268.00,28.00,299.48,7.90,6.00,6.00,6.07,10,31,0
383.24,328.00,32.00,303.85,8.15,7.00,7.00,6.27,10,30,1
400.49,328.00,30.00,340.15,8.61,7.00,7.00,6.70,10,30,1
325.95,284.00,29.00,244.78,6.93,6.00,6.00,5.05,10,31,0
408.39,320.00,27.00,315.39,8.41,7.00,7.00,6.06,10,31,0
350.00,298.00,28.00,302.74,7.22,6.00,6.00,5.89,10,31,0
414.78,335.00,28.00,336.72,8.24,7.00,7.00,6.13,10,30,1
397.44,296.00,28.00,303.61,8.39,6.00,6.00,6.18,10,31,0
425.85,353.00,30.00,318.92,9.29,7.00,7.00,6.83,10,30,1
453.10,334.00,31.00,392.66,8.88,7.00,7.00,6.97,10,30,1
417.20,310.00,28.00,346.49,8.88,6.00,6.00,7.13,10,29,2
391.63,338.00,30.00,312.19,8.17,7.00,7.00,6.16,10,30,1
363.78,276.00,29.00,340.88,7.61,6.00,6.00,6.84,10,29,2
414.49,354.00,31.00,331.96,8.51,7.00,7.00,6.42,10,30,1
353.85,289.00,29.00,276.30,6.68,6.00,6.00,4.44,10,31,0
371.98,325.00,29.00,264.47,7.59,7.00,7.00,5.14,10,31,0
421.95,343.00,29.00,342.02,8.66,7.00,7.00,6.23,10,31,0
344.37,328.00,28.00,244.33,7.41,7.00,7.00,5.11,10,31,0
401.05,330.00,28.00,332.88,8.51,7.00,7.00,6.71,10,30,1
438.24,343.00,28.00,403.70,8.88,7.00,7.00,7.05,10,29,2
357.24,301.00,31.00,265.93,7.61,6.00,6.00,5.49,10,31,0
477.34,332.00,32.00,426.85,9.61,7.00,7.00,7.85,10,30,1
397.66,313.00,30.00,293.52,8.29,6.00,6.00,5.96,10,31,0
427.37,364.00,37.00,312.64,8.80,7.00,7.00,5.98,10,31,0
380.54,318.00,30.00,285.48,8.10,6.00,6.00,6.03,10,31,0
460.10,312.00,27.00,389.83,9.44,6.00,6.00,7.86,10,29,2
418.44,325.00,30.00,345.29,8.54,7.00,7.00,6.54,10,30,1
329.56,285.00,29.00,234.94,7.02,6.00,6.00,4.81,10,31,0
474.37,352.00,28.00,387.55,9.83,7.00,7.00,8.07,10,28,3
441.88,351.00,30.00,367.83,8.83,7.00,7.00,6.93,10,31,0
469.39,366.00,31.00,375.57,9.51,7.00,7.00,7.27,10,30,1
406.63,339.00,30.00,310.67,8.41,7.00,7.00,6.30,10,31,0
429.44,355.00,28.00,335.65,8.83,7.00,7.00,6.67,10,31,0
